
        {
            "cells": [
          {
           "cell_type": "markdown",
           "metadata": {},
           
           "source": ["// can\u0027t yet format YamlFrontmatter ([\"title: In silico gene expression\"; \"category: Datasets\"; \"categoryindex: 1\"; \"index: 5\"], Some { StartLine = 2 StartColumn = 0 EndLine = 6 EndColumn = 8 }) to pynb markdown\n",
"\n",
"[![Binder](/datasets/img/badge-binder.svg)](https://mybinder.org/v2/gh/plotly/Plotly.NET/gh-pages?filepath=05_InSilicoGeneExpression.ipynb)\u0026emsp;\n",
"[![Script](/datasets/img/badge-script.svg)](/datasets/05_InSilicoGeneExpression.fsx)\u0026emsp;\n",
"[![Notebook](/datasets/img/badge-notebook.svg)](/datasets/05_InSilicoGeneExpression.ipynb)\n",
"\n",
"# The _in silico gene expression_ dataset\n",
"\n",
"**Table of contents**\n",
"\n",
"- [Description]()\n",
"- [How to use]()\n",
"- [Examples]()\n",
"\n",
"## Description\n",
"\n",
"This is an in-silico data. It emulates the expression of 100 genes over 3 conditions, with 3 replicates each. It is made so that replicates are more similar to each other.\n",
"\n",
"7% of the values are dropped, as the dataset was originally made to showcase missing value imputation.\n",
"\n",
"## How to use\n",
"\n",
"\n"]
          }
,
          {
           "cell_type": "code",
           "metadata": {},
            "execution_count": 1, "outputs": [
          {
           "data": {
            "text/plain": ["Condition0_1     Condition0_2     Condition0_3     Condition1_1     Condition1_2     Condition1_3     Condition2_1     Condition2_2     Condition2_3     ",
"Gene0  -\u003e \u003cmissing\u003e        \u003cmissing\u003e        859.507048737706 892.488061131967 1018.39682842723 \u003cmissing\u003e        1103.47465251202 1157.72940330711 1065.74060396554 ",
"Gene1  -\u003e 874.831680800388 750.248739657293 885.186911420285 928.994516057073 853.081858812674 793.574297701139 1065.97949919587 1131.14376992316 \u003cmissing\u003e        ",
"Gene2  -\u003e 838.556912459832 852.727407339623 899.295260312015 860.880771705626 932.199854945633 976.124808642915 1207.93463145272 \u003cmissing\u003e        1277.61049813247 ",
"Gene3  -\u003e 578.81785907921  678.347549342628 602.246497320338 \u003cmissing\u003e        643.093516693419 \u003cmissing\u003e        \u003cmissing\u003e        873.194740469258 849.451122811244 ",
"Gene4  -\u003e 842.094396445274 965.835426665507 867.369051645365 928.252271146921 881.501122913359 \u003cmissing\u003e        1054.1287942036  1171.60939846118 1038.00577431047 ",
"Gene5  -\u003e 1020.09691148753 1074.40387941314 1007.97548739644 1016.85273907176 1137.89035971088 1053.22697953361 1375.66060145121 1231.83519162636 \u003cmissing\u003e        ",
"Gene6  -\u003e 1101.31859349101 1035.34541804719 1073.81849597601 1173.85556819786 1135.11445658909 1135.37014907268 1312.46683931566 \u003cmissing\u003e        1446.11026206729 ",
"Gene7  -\u003e 1293.5505187121  1279.24240353059 1210.69733913481 1418.83379683658 1315.66861035805 1340.02039414327 1547.14933515457 1542.7958833035  1506.05595369617 ",
"Gene8  -\u003e 932.451969005451 943.887579432217 1064.35286448003 993.708988922016 1020.75857130752 1141.8439164254  1302.84589494999 \u003cmissing\u003e        1255.55859138653 ",
"Gene9  -\u003e \u003cmissing\u003e        676.324726723238 627.516574042796 \u003cmissing\u003e        761.340619105394 629.926834913104 913.833973465211 \u003cmissing\u003e        935.953193020724 ",
"Gene10 -\u003e \u003cmissing\u003e        631.593373387394 \u003cmissing\u003e        760.573132248994 667.777800663737 708.579020598344 897.652044466068 951.352427593893 913.498402976585 ",
"Gene11 -\u003e 925.558844182864 921.275745566886 962.402042467281 919.912081924523 915.817349871239 \u003cmissing\u003e        1133.39251694594 1215.95999339307 1256.12477917909 ",
"Gene12 -\u003e 877.088860898347 910.78457773273  977.60432138044  906.470100177092 895.635227528066 974.138600172186 1268.46086169626 1130.47280685606 1209.22769248572 ",
"Gene13 -\u003e 961.944859271178 938.498328719872 913.620698710984 866.402054828119 906.174954450491 985.197102336624 1124.13083729644 1212.131809912   1159.25077296929 ",
"Gene14 -\u003e 992.748362800567 1000.19176657168 983.841273992796 1102.47481181182 1189.49999801473 1098.43197409232 1287.05128248142 1193.33301922455 \u003cmissing\u003e        ",
":         ...              ...              ...              ...              ...              ...              ...              ...              ...              ",
"Gene85 -\u003e 1141.84782692372 966.934334466062 960.874704416693 1083.08973656227 1034.99233568037 1165.59614687963 1296.69301350431 1265.91311513118 \u003cmissing\u003e        ",
"Gene86 -\u003e 709.392263094341 599.356231019707 627.809442533116 656.618659654456 693.650796020343 659.473041695018 852.316184386208 824.655405167439 925.919147678158 ",
"Gene87 -\u003e 899.380276781729 884.17260562817  948.935506964083 1089.52324524629 1029.65752699391 1003.33640042116 1298.44005521355 1280.59977722652 1241.62816145067 ",
"Gene88 -\u003e 1144.81738980837 1063.96798295389 1035.41837813454 1089.09832802759 \u003cmissing\u003e        1201.22372291913 1403.27831423481 1289.29148231194 1310.98966263453 ",
"Gene89 -\u003e \u003cmissing\u003e        1412.27615611229 1213.87168101546 1464.29266169994 1410.28662129759 1460.0814182168  1633.25421505257 1622.26533282371 1614.55971113835 ",
"Gene90 -\u003e 1380.11337491127 1298.94445749242 1388.80183781222 1380.04885949936 1464.39067804687 \u003cmissing\u003e        1602.07971635588 1572.12371268329 1588.54863749936 ",
"Gene91 -\u003e 1104.4688200858  1044.62985634541 1038.52005763965 1118.68807975572 1079.12934076147 1110.47798847764 1357.74586648515 1341.72499952814 \u003cmissing\u003e        ",
"Gene92 -\u003e 643.08246230498  713.608735692286 664.349154855986 804.005009357483 735.028682825565 715.584678733244 988.804126972969 \u003cmissing\u003e        935.68406770922  ",
"Gene93 -\u003e 1066.41860092441 \u003cmissing\u003e        1100.26729085649 1129.70531336959 1190.5905781972  1160.86694672781 1370.99671365522 1326.95197016386 1386.621278477   ",
"Gene94 -\u003e 842.568958216624 920.226880055378 824.776105482268 1000.45119277737 999.622914936843 926.209950863813 1179.08167586582 1186.13260877293 1151.99017404333 ",
"Gene95 -\u003e \u003cmissing\u003e        776.852408021102 809.406302005126 866.770357211847 777.940357407953 868.312695316338 1039.8775076931  1072.75143664128 1095.87599329151 ",
"Gene96 -\u003e 736.95604192717  831.823622542142 790.627443848724 887.289779057259 781.461038651523 867.660284443528 932.981758186553 1042.45392008744 1149.56046307528 ",
"Gene97 -\u003e 979.147873857094 1033.86834107186 1010.60740727841 974.152107390665 1141.69306792765 1093.41903358936 1185.3882808851  1198.15294047248 1389.92530724036 ",
"Gene98 -\u003e 759.570384027805 661.370466127403 647.949680836865 831.520407212324 787.268819663521 855.916145637134 1018.7813832175  959.437629515552 1013.48894708169 ",
"Gene99 -\u003e \u003cmissing\u003e        1170.12951077744 1103.50236480969 1212.87417318883 1219.28343069146 1184.0055742792  1340.62297540036 \u003cmissing\u003e        1405.19376312643"]
        },
           "execution_count": 1,
           "metadata": {},
           "output_type": "execute_result"
          }], 
           "source": ["#r \"nuget: FSharp.Data\"\n",
"#r \"nuget: Deedle\"\n",
"\n",
"open FSharp.Data\n",
"open Deedle\n",
"\n",
"let rawData = Http.RequestString @\"https://raw.githubusercontent.com/fslaborg/datasets/main/data/InSilicoGeneExpression.csv\"\n",
"\n",
"let df : Frame\u003cstring,string\u003e = \n",
"    Frame.ReadCsvString(rawData)\n",
"    |\u003e Frame.indexRows \"Key\" //exact settings may differ here depending on e.g. the separator used in the individual dataset\n",
"\n",
"df.Print()\n"]
          }
,
          {
           "cell_type": "markdown",
           "metadata": {},
           
           "source": ["## Examples\n",
"\n",
"Compute a correlation matrix between the genes after imputing the missing values\n",
"\n",
"\n"]
          }
,
          {
           "cell_type": "code",
           "metadata": {},
            "execution_count": 2, "outputs": [], 
           "source": ["#r \"nuget: FSharp.Stats, 0.4.2\"\n",
"#r \"nuget: Plotly.NET, 2.0.0-preview.6\"\n",
"\n",
"open FSharp.Stats\n",
"open FSharp.Stats.ML\n",
"open Plotly.NET\n",
"\n",
"// Select the imputation method: kNearestImpute where the 2 nearest observations are considered\n",
"let kn : Impute.MatrixBaseImputation\u003cfloat[],float\u003e = Impute.kNearestImpute 2\n",
"\n",
"// Impute the missing values using the \"imputeBy\" function. The values of the deedle frame are first transformed into the input type of this function.\n",
"let imputedData = \n",
"    df \n",
"    |\u003e Frame.toJaggedArray \n",
"    |\u003e Impute.imputeBy kn Ops.isNan\n",
"    |\u003e Matrix.ofJaggedSeq\n",
"\n",
"// Perform a row-wise pearson correlation on the matrix, resulting in a correlation matrix\n",
"let correlationMatrix = Correlation.Matrix.rowWisePearson imputedData\n",
"\n",
"// Create a plotly heatmap from the correlation matrix\n",
"let correlationHeatmap = \n",
"    correlationMatrix\n",
"    |\u003e Matrix.toJaggedArray\n",
"    |\u003e Chart.Heatmap\n"]
          }
,
          {
           "cell_type": "code",
           "metadata": {},
            "execution_count": null, "outputs": [
          {
           "data": {
            "text/html": ["\u003cdiv id=\"d2a0c9c9-d8f1-445b-b7cd-02dce659c2be\" style=\"width: 600px; height: 600px;\"\u003e\u003c!-- Plotly chart will be drawn inside this DIV --\u003e\u003c/div\u003e",
"\u003cscript type=\"text/javascript\"\u003e",
"",
"            var renderPlotly_d2a0c9c9d8f1445bb7cd02dce659c2be = function() {",
"            var fsharpPlotlyRequire = requirejs.config({context:\u0027fsharp-plotly\u0027,paths:{plotly:\u0027https://cdn.plot.ly/plotly-latest.min\u0027}}) || require;",
"            fsharpPlotlyRequire([\u0027plotly\u0027], function(Plotly) {",
"",
"            var data = [{\"type\":\"heatmap\",\"z\":[[1.0,0.752675111295325,0.8383088794380131,0.8612801853140999,0.8178699357934976,0.8379821285823202,0.8015818060104376,0.830668642231558,0.8725946767693368,0.7365330190803303,0.7682242786447002,0.8023265391341139,0.7796274530905322,0.8046716831980845,0.8530767610903558,0.7781671663761356,0.8551984110327614,0.8207533073860259,0.8083270346622079,0.7591776701884426,0.840706466928147,0.6910775600769585,0.87205255744027,0.9787806757738707,0.8757710676107379,0.8887544888942461,0.794195793118808,0.7739025177552638,0.7963136495199566,0.9660209173677856,0.6652119044416933,0.7416991921051961,0.7790859707065328,0.955901776002036,0.849304089027207,0.8434993029488986,0.8376891336882228,0.8540749623420878,0.7936839820300724,0.841524363958809,0.8702213630350805,0.6845659564162324,0.8525244250716866,0.7786186275706418,0.740879894187251,0.9117231866791172,0.8911487007799079,0.9501447137753726,0.8589285365803225,0.9474357202901671,0.8764053036092636,0.7379072071967693,0.7296719514842871,0.8651686554319333,0.7023945367016838,0.9053198919288881,0.9563837247922953,0.8849013495832716,0.8973734589328041,0.8822275900758818,0.9101623304244195,0.7798160040748349,0.8720999434678475,0.8630130946892598,0.8322917665943215,0.9091194463572736,0.7488941966300348,0.8566699717455856,0.8266361508478198,0.9277278574277485,0.8636292644938627,0.9218742926656558,0.8983812760599741,0.8455970208571603,0.8896349458260752,0.9148185997175189,0.7075017620169937,0.870552196340473,0.8785276084852282,0.6890742591983435,0.8897191668817437,0.9048354358552926,0.7060062124007758,0.8958349402625084,0.8187991079865355,0.7715227325592462,0.7719480829845486,0.8998880918741576,0.8080357691991416,0.8330897113298181,0.9094119788488412,0.8479259465525866,0.8651886322970144,0.8960804830189006,0.8978060145428635,0.8139519909781121,0.7214754431426651,0.7917097917937693,0.8557952221560946,0.8542711904116413],[0.752675111295325,1.0,0.811558247292249,0.8320793966975162,0.6665328024120528,0.7511640388330308,0.9058442704436689,0.864788391507618,0.7767165822946318,0.8215745254388647,0.9644713667339195,0.8897454674247174,0.8263598716795981,0.8255662508716205,0.7508215634623836,0.8347150109308145,0.8297574728724293,0.8107085294291866,0.8170026385860105,0.8587253766743612,0.9119646282558761,0.6511593848860657,0.8485991126788673,0.7239908164440059,0.8944621340442535,0.8766031540139954,0.8387851872212752,0.7986852398644122,0.9688528241212814,0.8730087074195342,0.7835557068864989,0.8007188443553996,0.8652363487222332,0.8335417358432644,0.8809565022772783,0.9030011553241518,0.8793644145059052,0.8336482167078878,0.9604105850931167,0.8070097844432709,0.8309043672126502,0.8444368183675633,0.8420571771251879,0.8432050358579307,0.9638530047113091,0.7948152911098512,0.8531415103751078,0.7661242813487549,0.745564775419586,0.8658292262191769,0.8529032938737618,0.8682592627549863,0.8300643292916701,0.9061641214801763,0.83631110211672,0.823791982096379,0.7664330957945237,0.884421143850278,0.9157987878542777,0.8115069770347688,0.8217414135051982,0.905189043858198,0.8952931774164711,0.7613076045855045,0.7985388688412214,0.91789079198713,0.7845718124262244,0.8606291531360784,0.9552863055444918,0.6982090686612891,0.8826436708775651,0.795612636489325,0.790916474432723,0.8896293285416356,0.8359554386359653,0.7965595797318841,0.9237675697712027,0.9180276707602276,0.9038046338092627,0.7219237589277351,0.7344762982402474,0.8214260208773532,0.8554605934090997,0.8681010320150034,0.9491786701294705,0.7948700713120836,0.8949946924677304,0.9180711447002796,0.7697009434062819,0.7257475649125241,0.8971376816992631,0.9003891887399817,0.8876942984893411,0.8289376134516101,0.8384135386822587,0.9229228637996014,0.7908894889789417,0.683669322026819,0.8204052016527978,0.8699635058210283],[0.8383088794380131,0.811558247292249,1.0,0.9065801305764014,0.7232196773547925,0.8963980906869712,0.9342393219963372,0.817906033010543,0.945355766314876,0.874811711626138,0.8315043528993968,0.9332749130624902,0.9561173517097774,0.8703149030857755,0.9112812070757753,0.8268505712541048,0.8741282903509379,0.9265431389739488,0.9074198047251857,0.8674874043064539,0.930183344186623,0.7098814767924331,0.9518159047069616,0.7895029159496373,0.908553346416129,0.9401531145624784,0.9561651225124966,0.8300404442700542,0.7813394999741468,0.8821557193234483,0.7388596822788376,0.9292732253492673,0.8437110954294896,0.8308158846807363,0.8903836475477507,0.9006188163924429,0.8866895431210028,0.9560519030142716,0.9057410267300368,0.8016114316807461,0.9195726121610278,0.8797749192542996,0.7130738232335864,0.9298613640929306,0.7422113764727913,0.857717990553799,0.8583800228722815,0.8830188677095152,0.8614309940970649,0.8847213816706248,0.9183239389766666,0.8758940148502244,0.8445732107111258,0.8637919190187359,0.8657282334957476,0.8543119247141994,0.9306179441900625,0.8683586948673876,0.9501210553138933,0.8963270519662679,0.9492042196781225,0.8635691758857036,0.920030030748994,0.8383048677002021,0.9409939186702002,0.883911089453886,0.6553260115188972,0.9202412468688759,0.9222824158338233,0.839391653445781,0.8602508783478071,0.7757873999624223,0.914882300978782,0.8709210484874342,0.8897403319609128,0.7383608186041406,0.8858550562037759,0.90340788846589,0.9444849389585402,0.8477791499492655,0.9380672017325407,0.9292238945397476,0.8914442088449234,0.8631194965160539,0.8416794777008072,0.8235418543174059,0.9283509481156113,0.8792735536048425,0.8965678959058958,0.81399524718761,0.9288877403594133,0.8516710038818015,0.8560413294240589,0.9680318135631547,0.8512324726043512,0.9226823486844563,0.8559979772229022,0.9242769571020835,0.8851154262841574,0.9020563268241047],[0.8612801853140999,0.8320793966975162,0.9065801305764014,1.0,0.8986019157449947,0.917614625911321,0.8711859138791007,0.914635482724518,0.8744197216523476,0.8446799204131427,0.8686745756269132,0.9184008138404466,0.9200533672803732,0.9113782965642443,0.825925192143344,0.9198598590685633,0.8735354878558974,0.9290484157466767,0.9388627616062476,0.935133573974442,0.8338521731051922,0.870601525945469,0.9307732605416249,0.8440216595317047,0.9576632998947514,0.938431159888526,0.9181063290105805,0.8877579394404977,0.8114046326328338,0.8939164128403869,0.8675730411249224,0.8410698275796621,0.9130430204606912,0.9426675946682815,0.9528166163388622,0.9701076799951773,0.9270956124710421,0.9088711489685289,0.9390747544675634,0.9620015256899399,0.9313863404486807,0.8390131206322341,0.7662288342732427,0.8950116000703952,0.7910250231678356,0.9402615671225065,0.8883640498654627,0.8875778683218336,0.9192630841132984,0.9099419283787687,0.9255132403797012,0.893848198521655,0.8637656571535419,0.9196942833077556,0.8499879981701944,0.910350003995912,0.9336196588284112,0.9324412329752089,0.9552728783842616,0.9614986307337485,0.9085828060515643,0.8856575093300885,0.94345766203342,0.9204122028524664,0.8905041063527027,0.8825549235190849,0.8702536596154741,0.944277693970878,0.933286809921054,0.881306365979896,0.9275661612629266,0.7496075962840688,0.9182386503675166,0.8184433052683057,0.9306646471949185,0.811064929335286,0.9073445475272307,0.8471853238015045,0.9468375317733972,0.8656016364032417,0.89625973858008,0.8825053780191843,0.8589091973703018,0.9403416571033302,0.9457284206760136,0.7992823159208067,0.8468708628419936,0.9183871598749613,0.8770772146171795,0.9181628836315925,0.8646963569020127,0.9301055432286006,0.968790732868752,0.9644072822385646,0.9492997805559192,0.9321533908861859,0.8659719870402754,0.8058109226352448,0.8566744444848259,0.93711042493147],[0.8178699357934976,0.6665328024120528,0.7232196773547925,0.8986019157449947,1.0,0.7016599676524699,0.6948959289928648,0.8204751397917406,0.7719032394298022,0.5754055690760443,0.7608896011554355,0.8146134809303416,0.74292516705127,0.8584221004192659,0.6104701544858019,0.8815366883088623,0.7660477608742309,0.7046207822251693,0.8767954952791062,0.8709015050779116,0.6333494006566454,0.9369990183898674,0.8268545629897577,0.8116104011941095,0.8890862094663575,0.7890551977306458,0.8047050035852106,0.7221445374886551,0.7355700457238931,0.7755936478467764,0.6826396891485753,0.6932887976773952,0.9001288342300946,0.8986904793904186,0.9025664832971748,0.8478223128964323,0.7575217360014193,0.7265224795047149,0.7690734461308242,0.8571052440369507,0.850960058617789,0.6558546420994389,0.7178441868212777,0.7429666232222859,0.6412681927896794,0.8879116627995486,0.8002524309733725,0.8741417410586164,0.8034634479666048,0.7866909234799153,0.7469166703956152,0.7705073719546356,0.7280514376880758,0.7508517974501523,0.685881504561898,0.7903563980428088,0.8664897728166563,0.7571253126946681,0.8350162520020502,0.8038261181625544,0.7003817649750859,0.6387490755990324,0.7998553931287193,0.8988086703391631,0.6743302017824148,0.7050196846378718,0.9028078244671977,0.778600918625827,0.770254212984301,0.9034452875842888,0.7784252197121247,0.6237481161709497,0.7845888443938207,0.6413737036850816,0.8439875098396596,0.831173455012185,0.685878442945289,0.7219285823360414,0.7521391227416158,0.7248388808703482,0.8165618966761501,0.7843579179908162,0.64841977855279,0.8239170625977941,0.8261698067004202,0.7209223148230167,0.6252178145088524,0.7862164449043718,0.7522085122906278,0.856844389900456,0.6737455046359024,0.8227612749456408,0.857172014675799,0.7951594761278817,0.8266821364312227,0.8316138441649066,0.8039260554781359,0.6358477406224603,0.7395857719228308,0.793307037527498],[0.8379821285823202,0.7511640388330308,0.8963980906869712,0.917614625911321,0.7016599676524699,1.0,0.8028330357633485,0.8304105912038046,0.8441908785158497,0.9177031279572834,0.7631922637177053,0.799006569241776,0.9024957177775043,0.8146465023418267,0.8659257628704141,0.7586009821927137,0.7851341515746861,0.9570153627664305,0.8187264088806547,0.7729126536067642,0.8459744056370962,0.6400815062799261,0.8762197573313035,0.8165171452207921,0.8246356173480341,0.9089193862258736,0.826988392991851,0.8456560712666761,0.6736427819253384,0.8894336665360479,0.8116852552985211,0.7749072307029996,0.7365375651801183,0.8541760789583434,0.835149354785418,0.8597089329081538,0.9083447380176509,0.897750603521888,0.868202402776068,0.916063425102256,0.8663678269478057,0.7771766071092931,0.7522959527105118,0.8125612253657692,0.72942529415778,0.8351545425878069,0.8760904112685752,0.8229940543666562,0.9363051191050732,0.8753539237626076,0.9122201320084147,0.7779300798798551,0.8302307244541411,0.9028318441392156,0.8085821826344501,0.8553287579202496,0.9019239199877077,0.9261832570604276,0.8751407813120109,0.9805334809948961,0.961362112837439,0.8837206349564585,0.9094259445231883,0.7673341928872363,0.9575530175546962,0.8964067515178911,0.6673373677983969,0.8941499499138569,0.8574072872277947,0.7915807833273318,0.8555012245579202,0.7952722819771862,0.9040799803785865,0.7698953942016122,0.828568630521646,0.6641541744502073,0.8629703291400768,0.813263014112301,0.9349878995545304,0.8581562464543044,0.8226118934673076,0.8613473513772479,0.8621065037907631,0.8921255294692658,0.8386008335911949,0.7636252218036587,0.8519527155012105,0.8629004549254133,0.8915459380898181,0.8405657321307834,0.8986803551679162,0.8859228593582812,0.8833065680610821,0.9472710607383136,0.8975954194192798,0.8092714064216363,0.6687490667167254,0.7927197767036813,0.8267772756532895,0.8720149515688043],[0.8015818060104376,0.9058442704436689,0.9342393219963372,0.8711859138791007,0.6948959289928648,0.8028330357633485,1.0,0.8955320316521957,0.8432008261761775,0.8730793945389728,0.9173408722180454,0.9278052058719373,0.8627435697804341,0.8355674307135884,0.9179988755696915,0.822306203037503,0.9592053387984433,0.8983637240205417,0.8693231174147354,0.8511685028889776,0.9108570522577549,0.7349613704854611,0.9004859911830899,0.7574906290752138,0.9344220754418181,0.9381493442857551,0.8873761103692007,0.9096795178808749,0.900816603591268,0.8625090736416755,0.8285924129455524,0.9609205509133038,0.8665212971890999,0.837089501424284,0.8866327591526804,0.9347920314172202,0.9332963632745664,0.8745486608883719,0.9309923891769667,0.7869819767600997,0.90998528548772,0.846520198553683,0.7398303516114216,0.8684002612030896,0.8847454291981374,0.8926160123470955,0.792577169409623,0.8189440122850465,0.7638557410050583,0.8693442019789817,0.9020137725758448,0.9282351572739325,0.8783670589153172,0.9023550931479415,0.8402031460831136,0.8705295234470755,0.8579304537809572,0.8784242533847804,0.9525310838178237,0.8452279990851003,0.8859246512087436,0.8777026593180204,0.9081536253386511,0.7910103640840213,0.8273461899204995,0.91337843846799,0.7527994614021981,0.9510137678886703,0.9643574740029776,0.7721799982615035,0.9095494132050886,0.7335375731539495,0.8829442531867342,0.951055657144204,0.9192900599744759,0.7951283554182819,0.9170358258983264,0.9154067848513504,0.9234162593870955,0.8179897215575581,0.9186920796863492,0.8852247368567259,0.8955319905479452,0.8995746216878557,0.9092573137383182,0.8609480590948884,0.9616583198986823,0.9168438303977802,0.8454658044599368,0.8477432614467866,0.914934188330189,0.8645869628090312,0.8851667743303985,0.9231145831427718,0.8851450952382464,0.9545311483473445,0.9142070636270841,0.877944634136041,0.9299383442422818,0.9562180810610932],[0.830668642231558,0.864788391507618,0.817906033010543,0.914635482724518,0.8204751397917406,0.8304105912038046,0.8955320316521957,1.0,0.7902321139329166,0.8022423515579047,0.9206520128007936,0.8240601540220778,0.8134391567879088,0.8098810719491242,0.8383563723920391,0.8870646251216698,0.9202750976056967,0.9065214475644963,0.8138702377775073,0.8040803593798229,0.7768540942472693,0.7897972718812926,0.8900785928875768,0.8457354159227373,0.9446434857863376,0.8870129604467534,0.803007621275311,0.9560586682473677,0.8854729854885283,0.855815847712665,0.8764545417714863,0.8337198134479072,0.8985262821539467,0.9120039802719909,0.9207171990884272,0.9203040731277345,0.9679458354802987,0.7554066975282283,0.8983624490223145,0.9309048611524333,0.9431681026450826,0.67346545160765,0.8419817454093227,0.7719813557536966,0.9108082080373517,0.9305613732016285,0.8240130222248008,0.8476510482780905,0.8712538697590659,0.8317730837849343,0.8293213711521593,0.9400496564188969,0.8734906428425663,0.9671952536442463,0.8574207163743638,0.8372205084690735,0.8641437015993202,0.8825313178651547,0.9259025697454377,0.9021679937336725,0.8453468878275041,0.8476355201808816,0.9451949966253197,0.774864308167798,0.7905948755982949,0.9208092539736015,0.8651868829894075,0.9130976305583551,0.9383134958634465,0.8490374649597766,0.9351863408376772,0.6947896137105549,0.8257576621917601,0.8267739071813117,0.8741190122059677,0.8468887289370388,0.902202231239376,0.8349042872908862,0.8997228015935654,0.8157213373102745,0.8503995481386352,0.8835916349659532,0.812394404145567,0.9281110234067483,0.946816438801167,0.8901783274417636,0.84778803351069,0.9536804490794772,0.880488180137841,0.9590837822819817,0.8494039523031984,0.9504479736611255,0.9664289243782687,0.8850469127139657,0.9583856076818492,0.9203951534529138,0.8192208320854408,0.6834948711259959,0.9483874560008525,0.9396547980170218],[0.8725946767693368,0.7767165822946318,0.945355766314876,0.8744197216523476,0.7719032394298022,0.8441908785158497,0.8432008261761775,0.7902321139329166,1.0,0.727529844995468,0.804675574547525,0.8805385570693147,0.9533905118776025,0.8370507581467164,0.8161395795180686,0.8817616982070444,0.7778380025027003,0.8609654818594084,0.8573023234424797,0.8350124314237286,0.8917558378849424,0.6559535149781683,0.9756775894863705,0.8600221622293225,0.9016438878132595,0.8594168584805534,0.9565366613763066,0.7193681493674272,0.7845409119086036,0.8850598380232962,0.5808795039132331,0.8114984640966526,0.8676067629390714,0.8409085302447153,0.8983834689496228,0.8289973930805585,0.8069492691784629,0.9092321638482191,0.8504256094651539,0.7932818756873338,0.9170551962612633,0.7782162768359956,0.7885421440691086,0.932698228404078,0.6943726077330975,0.8028724652577243,0.9085572189487551,0.9535971637363811,0.9111548050225524,0.8580545690423197,0.8206382944724058,0.8534041659136895,0.7441795444182357,0.8426792734348779,0.9004449208063381,0.770035488585591,0.9384884370878004,0.7928138613922769,0.9351473954512394,0.8523905608134981,0.9142750827223113,0.8060966871989931,0.9291043392839148,0.8503703528052718,0.9372486423699158,0.8633050242033818,0.6111823418927056,0.8112024505230646,0.8825537970103565,0.9281127725478294,0.818966942381364,0.8143821086561389,0.8226045064027361,0.7723592386170458,0.8040370271978793,0.8061647685468898,0.8217513861644483,0.8843271348830304,0.9133152668537128,0.7368286058137088,0.8770869971402991,0.968058195161854,0.7676144282238353,0.7869001258136216,0.7939954044503502,0.8075738043053594,0.8161301283277904,0.8846126612022162,0.8873675541738415,0.760237261860725,0.9032784838338174,0.8555708423594649,0.8383643689434032,0.9079970453969947,0.8026800096688387,0.894881501642476,0.7729391780512197,0.7951988381777454,0.855458765707171,0.798547558268961],[0.7365330190803303,0.8215745254388647,0.874811711626138,0.8446799204131427,0.5754055690760443,0.9177031279572834,0.8730793945389728,0.8022423515579047,0.727529844995468,1.0,0.8214849699537654,0.8347876576903513,0.8263739804733528,0.829423602304332,0.8620354780987031,0.6442124508311134,0.8361198679634994,0.8990444955129164,0.8240560393627339,0.7674836333500347,0.8856367947612273,0.6231826657439629,0.7998018313546882,0.6614469318411319,0.784828498279327,0.9379406290695834,0.7777619843046399,0.8614965179013562,0.7246790210286921,0.8461029394260368,0.8692303113781723,0.8663601838649782,0.7019355044554432,0.768741307258416,0.7970337227512453,0.8666665079897472,0.9246917841020295,0.8699994803336603,0.8964976474325305,0.8085526468015679,0.8163331913156946,0.8589437439116547,0.7085895667834609,0.7430531251834217,0.8187638412560996,0.8049454111125321,0.8018214642666466,0.7025600545730988,0.7711612519551337,0.8437758710239811,0.9347911036605201,0.7538342078222667,0.9142059226310265,0.8590918412221248,0.7228128370891481,0.8620466290202498,0.8105553040772419,0.9283430062610997,0.8433782032591555,0.9157032720730292,0.8975094420961074,0.8630905786767182,0.8381129672218808,0.6653920855430442,0.8676080192871,0.8812044554213372,0.6772737628238752,0.9217028494427629,0.8645599344107003,0.6235064434631977,0.8115787544290093,0.7389724480538571,0.9175804376632373,0.851860316652426,0.8535868534019032,0.5721083365733801,0.8741362994486551,0.8572980097985563,0.8874313217221301,0.9040184142611624,0.8002102264297848,0.780496258839323,0.962706267217928,0.9083332984996126,0.8526118586239614,0.7890565579557063,0.9527812618955156,0.8076628667862263,0.8442640721802233,0.785106361992145,0.8963106843558902,0.847691699500291,0.818144171894889,0.9002328618940691,0.844594393812534,0.820416766888854,0.7061645197556481,0.8389688423626898,0.8173513739947227,0.9101155089560136],[0.7682242786447002,0.9644713667339195,0.8315043528993968,0.8686745756269132,0.7608896011554355,0.7631922637177053,0.9173408722180454,0.9206520128007936,0.804675574547525,0.8214849699537654,1.0,0.9140049151965761,0.8443110321075777,0.8958268319068425,0.744724396056597,0.8670475170609757,0.8677714317008953,0.8191404808130314,0.8741150192480877,0.8784481058941906,0.8827456246554082,0.7512531316090243,0.8998563424455286,0.7358758380428029,0.9314383401237215,0.9026533316531251,0.8659940086377507,0.8390533115837502,0.9635892131735189,0.862069715316943,0.7899158659368595,0.8665303177954753,0.9388347740294639,0.846313011011604,0.9489967023784689,0.9107648729248411,0.9209086347063089,0.8019261442813923,0.9587300372273458,0.8347289219848661,0.9166512920929266,0.8154422692790884,0.8826817824399296,0.8128215721077501,0.9624965015780327,0.8418046842102372,0.8810901237562881,0.828054131072768,0.7937479770202358,0.8322668426418698,0.8352506283725081,0.9126846144266711,0.9175936450509734,0.9098339335608306,0.8617236017053528,0.802989982733717,0.8240369625528648,0.8635422585664323,0.9326608040772573,0.8449057620710876,0.8057223902389152,0.8333194568759776,0.9214805920043029,0.751963914103608,0.7950628404699751,0.90702324443395,0.8350916319673702,0.8722430894829255,0.9582094075280695,0.7726687797126552,0.8574386482788183,0.7324485745844933,0.8148688932023902,0.8447835599011335,0.856029443439509,0.7918314786777215,0.9189595009464064,0.9357908549153625,0.883547390082652,0.828322411129998,0.7939260227429529,0.8765457025906634,0.8945876846236682,0.8966843342281074,0.9556326594789905,0.9098011457516019,0.9126083170816007,0.913552205687136,0.8690332293889689,0.8169811010672696,0.8820169492545824,0.9526180830401112,0.9007336082690364,0.8389602760305496,0.8514874568271784,0.9650589967213274,0.8198983973290552,0.6849010331736877,0.8929324429997231,0.8994417128717623],[0.8023265391341139,0.8897454674247174,0.9332749130624902,0.9184008138404466,0.8146134809303416,0.799006569241776,0.9278052058719373,0.8240601540220778,0.8805385570693147,0.8347876576903513,0.9140049151965761,1.0,0.9090451604337587,0.955365927887607,0.7868108440879116,0.8662871334299798,0.8747095157288036,0.8281273544291651,0.9793067358331738,0.9727148332166474,0.9198019030358313,0.83711156845812,0.9228923860557372,0.7316578648496531,0.9422040441701226,0.9457688968334551,0.9628364781960277,0.7907354672600302,0.87725570800252,0.8726013090453784,0.7638869430622734,0.921992585037322,0.9291411990418796,0.8556376543164732,0.946296331691604,0.9479728376328238,0.8664641182833301,0.9335335720798343,0.9541708569363491,0.8003699219080502,0.9002206617674332,0.9482069254100206,0.743645124328904,0.9177551351075074,0.8098383622921458,0.8728199977781217,0.873242696469419,0.8613665756114685,0.7817942304720495,0.892821597919986,0.9180414045188463,0.8714022049297919,0.882115514191236,0.8310318481650545,0.8151342325384892,0.8771237229211386,0.890491395826843,0.8749942025218844,0.9539050714500645,0.8554525166228485,0.8539426478006442,0.8315029801020895,0.8865869772727034,0.8882436710675523,0.8451897573008693,0.846876957341998,0.8113688117401275,0.9138447135449754,0.9361132213994635,0.8057800707651266,0.8462746275153212,0.7506821869791488,0.9076556234844932,0.8753085204096066,0.9314215706793417,0.7745293353789884,0.8828526389782012,0.932250964052287,0.9032613753244303,0.8494770682084412,0.8970461869904729,0.8711279562900442,0.9091507196647746,0.8909956441922402,0.9136549273171886,0.8179404732370671,0.9144816736810005,0.862098268196032,0.8385022549216413,0.7894614447258186,0.8818757635186822,0.873088882135802,0.8691882705364858,0.9154425818745191,0.8326838161299683,0.968965391478404,0.9189223412787132,0.8691278413118998,0.8290650370402474,0.9096654806052893],[0.7796274530905322,0.8263598716795981,0.9561173517097774,0.9200533672803732,0.74292516705127,0.9024957177775043,0.8627435697804341,0.8134391567879088,0.9533905118776025,0.8263739804733528,0.8443110321075777,0.9090451604337587,1.0,0.8676815410919828,0.8015225996190674,0.8944110934662529,0.7659021551505762,0.9163990284194167,0.8890623418038707,0.8878475340734827,0.8970457246363601,0.6847593417508169,0.9650018688939791,0.7617542465765939,0.9000894045610635,0.8838413713064934,0.9741362325532473,0.7739377028569999,0.7736643382897777,0.850177673280893,0.7060920340111678,0.8361714603829998,0.8781429508801873,0.8121920027889742,0.912390463795391,0.8772638322041163,0.8566939252906646,0.931586066871057,0.9233205763501219,0.848873300688786,0.9091984296033091,0.8607889763131168,0.7441580403581038,0.9549787086402084,0.7380735709075572,0.7878601425697086,0.8984865955250416,0.8706856809000759,0.920865300263841,0.8391416351341643,0.8578322358733528,0.8899181882224574,0.8160785575594753,0.8724440777413134,0.942588210913157,0.7763607915713475,0.892904949313907,0.8394525852058964,0.9364605942698376,0.8988013386199564,0.9182568958787306,0.87903645281269,0.945989624799442,0.8298118249750848,0.9681164616056094,0.8606115420092054,0.6472583240721619,0.8531355259207671,0.922624754184149,0.8378463636577039,0.8406828388261801,0.7447513430958841,0.8337424890333318,0.7638340645329114,0.8065744720936113,0.7046485132151235,0.9239363930366307,0.8666217742583264,0.9450931125618395,0.8256778560238032,0.8354811251222016,0.9200590124066639,0.8640679478011286,0.8141722804742837,0.8537111499572315,0.7975279987913584,0.8667661327637743,0.8788502919409659,0.9026999383324531,0.7726624047835658,0.889881179817461,0.8896282213655982,0.8747014585232629,0.9298864579766208,0.8218753982126809,0.9189112390632687,0.7895530972010365,0.7880324056530535,0.8303450832049433,0.8344995552626226],[0.8046716831980845,0.8255662508716205,0.8703149030857755,0.9113782965642443,0.8584221004192659,0.8146465023418267,0.8355674307135884,0.8098810719491242,0.8370507581467164,0.829423602304332,0.8958268319068425,0.955365927887607,0.8676815410919828,1.0,0.6989345730275022,0.8134064873833816,0.815650791202407,0.7779369669183189,0.9833418103207188,0.9405183503113066,0.8684968735241032,0.854332796760781,0.8997755863574256,0.72307950878667,0.8945988606185235,0.9365928897879204,0.9085107157535872,0.7466406085428445,0.815259738655592,0.8673558663032819,0.7327654569785571,0.869302864156172,0.9145791430952893,0.850810551040751,0.9563800388132012,0.8994882938275849,0.8571866641584697,0.8776699370518146,0.9148747358975933,0.8221639606425132,0.9030986495518164,0.8955542346983063,0.8039759273299897,0.8125695429359324,0.780580708632045,0.8551077751751374,0.9169059859240164,0.8719567146128313,0.8085584065473124,0.8586611357854707,0.8879181303768922,0.7916352197724333,0.9264423918895452,0.7973553704791111,0.7516673565801532,0.8444045222771527,0.9036641120543155,0.8638211643933782,0.9023976948688016,0.8844312756593719,0.8130243392055677,0.7373051999803553,0.8579131128477407,0.8317631851108014,0.8249123115037094,0.8150750750592394,0.8351003072128128,0.8665955888851643,0.8691824159625395,0.8118452864660759,0.7635367095003056,0.736581009569839,0.9114612922205809,0.7721220272944519,0.8979123510243845,0.7124189403115978,0.8142550852295657,0.9189938027291825,0.8437206314443901,0.9121473826370041,0.851351802586473,0.8565593988024223,0.9159367212084759,0.9017879847778618,0.8857432171658085,0.855525417609714,0.8736804684309395,0.8054310382932149,0.8808720124117277,0.7998383495397233,0.8469103110507376,0.9031909615690792,0.8384892349940855,0.8718682668756678,0.8056443105572373,0.9218633250534354,0.8112979477371096,0.7911181216308937,0.8048841279857631,0.8739246033067262],[0.8530767610903558,0.7508215634623836,0.9112812070757753,0.825925192143344,0.6104701544858019,0.8659257628704141,0.9179988755696915,0.8383563723920391,0.8161395795180686,0.8620354780987031,0.744724396056597,0.7868108440879116,0.8015225996190674,0.6989345730275022,1.0,0.7059344694404011,0.9249565823992263,0.9323379917905515,0.747259688801508,0.6931201530411316,0.8435049013404521,0.6071210301422842,0.8344794551387648,0.8285661285676083,0.8402685439180364,0.8936999791519386,0.7786405754044016,0.9079495360193752,0.7371695104636526,0.86012705239659,0.7969889844172036,0.8707621340400524,0.6939179279692799,0.8272631892045735,0.7603753547646239,0.8536183164814469,0.8986916155063653,0.8512546887852759,0.807628285728825,0.778123322052708,0.8468586204078284,0.7147026247448062,0.6650346190075253,0.7921813932106571,0.7514415715963175,0.8805091036297236,0.7276560351433756,0.7961479891063473,0.7864447948929195,0.8667955619028028,0.891595832362616,0.8197393653113971,0.7650894966208809,0.8823871432177792,0.7510773361811182,0.8752713181987737,0.8668174309843509,0.870640773089494,0.8812533717765602,0.8600304304831079,0.93748689747924,0.8594151216124171,0.8609857561202793,0.744795478298811,0.8429600098816554,0.9027344995349887,0.6236784960907256,0.9284784072092822,0.8663797470211565,0.7707805923140989,0.8977235307327732,0.7680062828666323,0.8858453215399239,0.9180897508759681,0.874606183416303,0.7624234037560726,0.8158553952832889,0.813813514925507,0.9054224076167768,0.7438407605835594,0.9197239493021667,0.8549776181649834,0.7915840782837401,0.8670147172576692,0.7965301715705931,0.7630519682793967,0.883724087664426,0.881697497382631,0.8045852459929769,0.8506438303239081,0.9031670963226349,0.7786957930845954,0.8398650498424416,0.933748060126979,0.8987282327931436,0.8152465584699392,0.7918696030791943,0.9007660456543519,0.9038761831239956,0.9152495421922335],[0.7781671663761356,0.8347150109308145,0.8268505712541048,0.9198598590685633,0.8815366883088623,0.7586009821927137,0.822306203037503,0.8870646251216698,0.8817616982070444,0.6442124508311134,0.8670475170609757,0.8662871334299798,0.8944110934662529,0.8134064873833816,0.7059344694404011,1.0,0.7833223292591522,0.8357689930254992,0.8476769864408829,0.9015134723902944,0.7599178987080888,0.8059082571624063,0.9235980271140078,0.8109301917631703,0.9553887737396637,0.8011117093585336,0.9151350184959046,0.7877341748645201,0.8576862120208837,0.8017126874393857,0.718505990523341,0.7469533030132673,0.9560709239817489,0.877223231924243,0.9334700533024775,0.894941089072797,0.8227456509315075,0.8046566746767018,0.8879304655433311,0.8853807869363636,0.8968473904796357,0.7283868501050741,0.7567065695611109,0.9146608563098978,0.7724178019109902,0.8406119672009817,0.8356290660075686,0.8719598108219678,0.8766715559562108,0.804243841785877,0.7619766932402644,0.9394566635459963,0.7305889010125624,0.8778498018991138,0.9220557385178496,0.7577371326542532,0.8418088823688475,0.7857752241277505,0.9282352038046253,0.8207269573085891,0.7980730825205016,0.8330929039716901,0.9287705414368987,0.8923475050041614,0.8101372863176555,0.8172843878184809,0.8076439751095285,0.813992829441486,0.9173106179963818,0.8916252221877033,0.8904902482602587,0.6672468936209752,0.733375527027919,0.7293339034349322,0.806802793590915,0.8590327148725323,0.8860099764873324,0.7872095517926454,0.8875947050687767,0.695657168652716,0.7991618613058957,0.8717645908826555,0.7099222374393612,0.799509656635366,0.9000232821764067,0.7588451525911065,0.7320064366463231,0.913513681390769,0.8036835921582246,0.8272137188618172,0.7798475574496978,0.8869062700555568,0.9327511799483339,0.8536973018870092,0.8583535069430075,0.928999